0.735934553826793,0.8683269885676804,0.0106615945900221
0.7622858341387707,0.8847048096223402,0.0106615945900221
0.7704247105895587,0.896579563788244,0.0106615945900221
0.7689236882933069,0.9070867198620074,0.0106615945900221
0.7670057153592073,0.9174938077826872,0.0106615945900221
0.7642204850983843,0.929201781693452,0.0106615945900221
0.7578494793520707,0.944428818987652,0.0106615945900221
0.7501442315646443,0.9622743062875356,0.0106615945900221
0.7420220331393701,0.9804033200211558,0.0106615945900221
0.7348338041428749,0.9966143608206762,0.0106615945900221
0.7273120146361015,0.9233477947380696,0.0106615945900221
0.7215747738593165,0.9262747882157608,0.0106615945900221
0.712752098362458,0.9277382849546064,0.0106615945900221
0.7025785027989729,0.9284700333240292,0.0106615945900221
0.6943562362206153,0.9288359075087408,0.0106615945900221
0.6846329473460058,0.9290188446010964,0.0106615945900221
0.6729750075117826,0.9289273760549184,0.0106615945900221
0.6599995036619607,0.9288816417818296,0.0106615945900221
0.6488585826186688,0.928858774645285,0.0106615945900221
0.6410866227291867,0.9288473410770128,0.0106615945900221
0.6356162303606242,0.9288416242928768,0.0106615945900221
0.6350491774931513,0.9288444826849448,0.0106615945900221
0.6357162985137077,0.9288459118809788,0.0106615945900221
0.6368337262231396,0.9288466264789956,0.0106615945900221
0.6368337262231396,0.9288469837780045,0.0106615945900221
0.6387850552082672,0.9288471624275086,0.0106615945900221
0.6377009835498629,0.9288470731027564,0.0106615945900221
0.6374174571161265,0.9288470284403804,0.0106615945900221
0.6392353618971427,0.9288470061091924,0.0106615945900221
0.6385515628510724,0.9288469949435983,0.0106615945900221
0.6291118004101993,0.9288469893608012,0.0106615945900221
0.6225573363832326,0.9288469921522,0.0106615945900221
0.612500486998345,0.9288469935478992,0.0106615945900221
0.6012928538529975,0.9288469942457488,0.0106615945900221
0.5950552723107951,0.9288469945946736,0.0106615945900221
0.5926369586112782,0.928846994769136,0.0106615945900221
0.5881005356714947,0.9288469946819048,0.0106615945900221
0.5878336872632721,0.9288469946382892,0.0106615945900221
0.596022597790602,0.9288469946164812,0.0106615945900221
0.6059126669203505,0.9288469946055774,0.0106615945900221
0.6271771494505858,0.9288469946001254,0.0106615945900221
0.6554630807221772,0.9288469946028516,0.0106615945900221
0.6796962517938884,0.9288469946042144,0.0106615945900221
0.6990260833645101,0.9288469946048958,0.0106615945900221
0.7228089477473457,0.9288469946052368,0.0106615945900221
0.7397204656184505,0.928846994605407,0.0106615945900221
0.7476925618140995,0.9288469946053218,0.0106615945900221
0.7536632949480793,0.9288469946052794,0.0106615945900221
0.7482596146815725,0.928846994605258,0.0106615945900221
0.7371687277148222,0.9288469946052472,0.0106615945900221
0.73238213439233,0.928846994605242,0.0106615945900221
0.7315315550911208,0.9288469946052446,0.0106615945900221
0.7287129687792699,0.928846994605246,0.0106615945900221
0.7283794082689917,0.9288469946052468,0.0106615945900221
0.7322653882137328,0.9288469946052468,0.0106615945900221
0.7268950639982537,0.9288469946052472,0.0106615945900221
0.7250771592172376,0.9288469946052472,0.0106615945900221
0.7312813847084121,0.9288469946052468,0.0106615945900221
0.7311479605043008,0.9288469946052468,0.0106615945900221
0.7308811120960782,0.9288469946052468,0.0106615945900221
0.7367517770769745,0.9288469946052468,0.0106615945900221
0.7420887452414258,0.9288469946052468,0.0106615945900221
0.7489267357021289,0.9288469946052468,0.0106615945900221
0.7648709280934267,0.9288469946052468,0.0106615945900221
0.7790138937292225,0.9288469946052468,0.0106615945900221
0.78096522271435,0.9288469946052468,0.0106615945900221
0.7841840816385346,0.9288469946052468,0.0106615945900221
0.7863855810063707,0.9288469946052468,0.0106615945900221
0.7835503166690061,0.9288469946052468,0.0106615945900221
0.7823828548830324,0.9288469946052468,0.0106615945900221
0.7840173013833955,0.9288469946052468,0.0106615945900221
0.7799145071069736,0.9288469946052468,0.0106615945900221
0.7731098726972984,0.9288469946052468,0.0106615945900221
0.7682565672727506,0.9288469946052468,0.0106615945900221
0.7637701784095088,0.9288469946052468,0.0106615945900221
0.7551142831677894,0.9288469946052468,0.0106615945900221
0.7514617955802432,0.9288469946052468,0.0106615945900221
0.7498940611819357,0.9288469946052468,0.0106615945900221
0.7490601599062401,0.9288469946052468,0.0106615945900221
0.7528293936723838,0.9288469946052468,0.0106615945900221
0.7637535003839948,0.9288469946052468,0.0106615945900221
0.7757950348050379,0.9288469946052468,0.0106615945900221
0.7839339112558259,0.9288469946052468,0.0106615945900221
0.7869859899248715,0.9288469946052468,0.0106615945900221
0.7809151886378083,0.9288469946052468,0.0106615945900221
0.7703079644109614,0.9288469946052468,0.0106615945900221
0.7578494793520707,0.9288469946052468,0.0106615945900221
0.7459747251861668,0.9288469946052468,0.0106615945900221
0.7355676372654869,0.9288469946052468,0.0106615945900221
0.7286129006261864,0.9288469946052468,0.0106615945900221
0.7249770910641541,0.9288469946052468,0.0106615945900221
0.7229090159004292,0.9288469946052468,0.0106615945900221
0.7207408725836209,0.9288469946052468,0.0106615945900221
0.7182725248075623,0.9288469946052468,0.0106615945900221
0.7156707528273923,0.9288469946052468,0.0106615945900221
0.714419900913849,0.9288469946052468,0.0106615945900221
0.711851484984707,0.9288469946052468,0.0106615945900221
0.7115846365764843,0.9288469946052468,0.0106615945900221
0.7143531888117934,0.9288469946052468,0.0106615945900221
0.7212245353235244,0.9288469946052468,0.0106615945900221
0.7292966996722569,0.9288469946052468,0.0106615945900221
0.7382527993732264,0.9288469946052468,0.0106615945900221
0.7439066500224419,0.9288469946052468,0.0106615945900221
0.7423389156241343,0.9288469946052468,0.0106615945900221
0.736851845230058,0.9288469946052468,0.0106615945900221
0.7325322366219552,0.9288469946052468,0.0106615945900221
0.7238263073036942,0.9288469946052468,0.0106615945900221
0.7180223544248536,0.9288469946052468,0.0106615945900221
0.7168215365878521,0.9288469946052468,0.0106615945900221
0.7168048585623382,0.9288469946052468,0.0106615945900221
0.7156373967763645,0.9288469946052468,0.0106615945900221
0.7153872263936558,0.9288469946052468,0.0106615945900221
0.7198569372313837,0.9288469946052468,0.0106615945900221
0.717955642322798,0.9288469946052468,0.0106615945900221
0.716104381490754,0.9288469946052468,0.0106615945900221
0.7110175837090114,0.9288469946052468,0.0106615945900221
0.7052803429322263,0.9288469946052468,0.0106615945900221
0.6979753677571338,0.9288469946052468,0.0106615945900221
0.6975750951448,0.9288469946052468,0.0106615945900221
0.7056806155445602,0.9288469946052468,0.0106615945900221
0.713119014923764,0.9288469946052468,0.0106615945900221
0.7254440757785435,0.9288469946052468,0.0106615945900221
0.7373521859954753,0.9288469946052468,0.0106615945900221
0.7479427321968081,0.9288469946052468,0.0106615945900221
0.7531129201061203,0.9288469946052468,0.0106615945900221
0.7571323242549726,0.9288469946052468,0.0106615945900221
0.7591003312656139,0.9288469946052468,0.0106615945900221
0.7595339599289755,0.9288469946052468,0.0106615945900221
0.7571323242549726,0.9288469946052468,0.0106615945900221
0.756682017566097,0.9288469946052468,0.0106615945900221
0.7598174863627121,0.9288469946052468,0.0106615945900221
0.7636033981543696,0.9288469946052468,0.0106615945900221
0.7680897870176114,0.9288469946052468,0.0106615945900221
0.7729430924421592,0.997748466555622,0.0106615945900221
0.7723260054981446,0.9964309025400232,0.0106615945900221
0.7639369586646478,0.9288469946052468,0.0106615945900221
0.7554645217035815,0.9288469946052468,0.0106615945900221
0.7468086264618623,0.9288469946052468,0.0106615945900221
0.7421888133945092,0.9288469946052468,0.0106615945900221
0.735167364653153,0.9288469946052468,0.0106615945900221
0.7336996984079289,0.9288469946052468,0.0106615945900221
0.7353341449082922,0.9288469946052468,0.0106615945900221
0.7395870414143392,0.9288469946052468,0.0106615945900221
0.7410713856850772,0.9288469946052468,0.0106615945900221
0.745741232828972,0.9948965241927435,0.0106615945900221
0.7419553210373145,0.9976817544535664,0.0106615945900221
0.7286629347027281,0.9488045264088468,0.0106615945900221
0.7203239219457731,0.9687620582124464,0.0106615945900221
0.7137527798932927,0.9708718284399562,0.0106615945900221
0.7085492359329527,0.9729815986674656,0.0106615945900221
0.7038627107635439,0.9734569223946122,0.0106615945900221
0.7061309222334358,0.9739322461217588,0.0106615945900221
0.7082156754226745,0.9973148378922604,0.0106615945900221
0.7145199690669325,0.9827382435931032,0.0106615945900221
0.7206574824560514,0.9729815986674656,0.0106615945900221
0.7238263073036942,0.9687620582124464,0.0106615945900221
0.7207742286346488,0.9739322461217588,0.0106615945900221
0.7152204461385168,0.9836055009198263,0.0106615945900221
0.7118014509081652,0.9911439684521136,0.0106615945900221
0.709599951540329,0.996464258591051,0.0106615945900221
0.7086159480350084,0.9977151105045944,0.0106615945900221
0.7083991337033275,0.9959639178256336,0.0106615945900221
0.7098334438975238,0.991644309217531,0.0106615945900221
0.7087660502646336,0.9901099308702512,0.0106615945900221
0.7068647553560478,0.9909438321459468,0.0106615945900221
0.7028119951561677,0.9959472398001198,0.0106615945900221
0.6983422843184398,0.9913941388348224,0.0106615945900221
0.6916543960873618,0.9915192240261768,0.0106615945900221
0.6838657581723658,0.991581766621854,0.0106615945900221
0.6759770521042865,0.9916130379196924,0.0106615945900221
0.6714906632410447,0.9915974022707732,0.0106615945900221
0.6691057055925556,0.9915895844463136,0.0106615945900221
0.6701730992254458,0.9915856755340838,0.0106615945900221
0.6719076138788924,0.9915837210779688,0.0106615945900221
0.6705566938122657,0.9915846983060262,0.0106615945900221
0.6667707820206081,0.9915851869200548,0.0106615945900221
0.6617340183154073,0.9915849426130406,0.0106615945900221
0.6566972546102066,0.9915850647665478,0.0106615945900221
0.652694528486868,0.9915851258433016,0.0106615945900221
0.6525777823082708,0.9915851563816782,0.0106615945900221
0.6544290431403147,0.9915851411124896,0.0106615945900221
0.6547792816761069,0.9915851334778956,0.0106615945900221
0.6579314284982358,0.9915851296605984,0.0106615945900221
0.659198958437293,0.99158512775195,0.0106615945900221
0.6560301335896501,0.991585128706274,0.0106615945900221
0.6513936424967832,0.9915851291834364,0.0106615945900221
0.6458398600006511,0.9915851289448552,0.0106615945900221
0.6360165029729581,0.9915851290641458,0.0106615945900221
0.6268102328892797,0.9915851291237912,0.0106615945900221
0.6201723787347436,0.9915851291536136,0.0106615945900221
0.6127840134320814,0.9915851291387024,0.0106615945900221
0.606930026476699,0.9915851291312467,0.0106615945900221
0.6017598385673869,0.991585129127519,0.0106615945900221
0.5984242334646049,0.9915851291256548,0.0106615945900221
0.5934375038359458,0.9915851291265868,0.0106615945900221
0.5900018305800804,0.991585129127053,0.0106615945900221
0.5858656802526307,0.99158512912682,0.0106615945900221
0.5818963101803202,0.9915851291269364,0.0106615945900221
0.5794613184552893,0.9915851291269948,0.0106615945900221
0.5790276897919275,0.9915851291270238,0.0106615945900221
0.5816628178231253,0.9915851291270092,0.0106615945900221
0.5863826990435619,0.991585129127002,0.0106615945900221
0.5944048293157527,0.9915851291269984,0.0106615945900221
0.5993748809188978,0.9915851291269964,0.0106615945900221
0.6031274366595275,0.9915851291269974,0.0106615945900221
0.6025770618175684,0.9915851291269978,0.0106615945900221
0.5998251876077734,0.9915851291269976,0.0106615945900221
0.5986577258217997,0.9915851291269976,0.0106615945900221
0.6012761758274836,0.9915851291269978,0.0106615945900221
0.6005590207303855,0.9915851291269978,0.0106615945900221
0.6010426834702888,0.9915851291269978,0.0106615945900221
0.601009327419261,0.9915851291269978,0.0106615945900221
0.5971900595765757,0.9915851291269978,0.0106615945900221
0.5916696331314714,0.9915851291269978,0.0106615945900221
0.5877169410846746,0.9915851291269978,0.0106615945900221
0.5834473665531137,0.9915851291269978,0.0106615945900221
0.5781103983886625,0.9915851291269978,0.0106615945900221
0.5771263948833418,0.9915851291269978,0.0106615945900221
0.5766093760924107,0.9915851291269978,0.0106615945900221
0.5779769741845513,0.9915851291269978,0.0106615945900221
0.5828636356601269,0.9915851291269978,0.0106615945900221
0.5903353910903586,0.9915851291269978,0.0106615945900221
0.5949885602087395,0.9915851291269978,0.0106615945900221
0.5983074872860075,0.9915851291269978,0.0106615945900221
0.600092036015996,0.9915851291269978,0.0106615945900221
0.596756430913214,0.9915851291269978,0.0106615945900221
0.5918197353610966,0.9915851291269978,0.0106615945900221
0.5888176907685928,0.9915851291269978,0.0106615945900221
0.5891512512788709,0.9915851291269978,0.0106615945900221
0.5926369586112782,0.9915851291269978,0.0106615945900221
0.5998585436588012,0.9915851291269978,0.0106615945900221
0.6086978971811735,0.9915851291269978,0.0106615945900221
0.6160695844583217,0.9915851291269978,0.0106615945900221
0.6190883070763394,0.9915851291269978,0.0106615945900221
0.6129007596106788,0.9915851291269978,0.0106615945900221
0.6041781522669039,0.9915851291269978,0.0106615945900221
0.5928037388664172,0.9915851291269978,0.0106615945900221
0.5840644534971283,0.9915851291269978,0.0106615945900221
0.581179155083222,0.9915851291269978,0.0106615945900221
0.5801617955268735,0.9915851291269978,0.0106615945900221
0.5802952197309847,0.9915851291269978,0.0106615945900221
0.5853986955382413,0.9915851291269978,0.0106615945900221
0.5954889009741567,0.9915851291269978,0.0106615945900221
0.6056624965376418,0.9915851291269978,0.0106615945900221
0.6154024634377654,0.9915851291269978,0.0106615945900221
0.619155019178395,0.9915851291269978,0.0106615945900221
0.6123670627942337,0.9915851291269978,0.0106615945900221
0.6026771299706519,0.9915851291269978,0.0106615945900221
0.5919031254886662,0.9915851291269978,0.0106615945900221
0.5832972643234885,0.9915851291269978,0.0106615945900221
0.581362613363875,0.9915851291269978,0.0106615945900221
0.5865828353497289,0.9915851291269978,0.0106615945900221
0.5949385261321977,0.9915851291269978,0.0106615945900221
0.6063462955837122,0.9915851291269978,0.0106615945900221
0.6212731284186617,0.9915851291269978,0.0106615945900221
0.6320638109261614,0.9915851291269978,0.0106615945900221
0.6364334536108058,0.9915851291269978,0.0106615945900221
0.6315301141097163,0.9915851291269978,0.0106615945900221
0.6206560414746469,0.9915851291269978,0.0106615945900221
0.6030940806084998,0.9915851291269978,0.0106615945900221
0.5913527506467071,0.9915851291269978,0.0106615945900221
0.5844480480839483,0.9915851291269978,0.0106615945900221
0.5814293254659307,0.9915851291269978,0.0106615945900221
0.5828302796090991,0.9915851291269978,0.0106615945900221
0.5907690197537202,0.9915851291269978,0.0106615945900221
0.6018265506694426,0.9915851291269978,0.0106615945900221
0.607497079344172,0.9915851291269978,0.0106615945900221
0.609331662150702,0.9915851291269978,0.0106615945900221
0.6057792427162392,0.9915851291269978,0.0106615945900221
0.598591013719744,0.9915851291269978,0.0106615945900221
0.5929871971470703,0.9915851291269978,0.0106615945900221
0.5915195309018462,0.9915851291269978,0.0106615945900221
0.5909524780343732,0.9915851291269978,0.0106615945900221
0.5934208258104319,0.9915851291269978,0.0106615945900221
0.6018265506694426,0.9915851291269978,0.0106615945900221
0.6118333659777886,0.9915851291269978,0.0106615945900221
0.6192550873314785,0.9915851291269978,0.0106615945900221
0.6233578816079004,0.9915851291269978,0.0106615945900221
0.6269603351189049,0.9915851291269978,0.0106615945900221
0.6255760590012505,0.9915851291269978,0.0106615945900221
0.6226407265108023,0.9915851291269978,0.0106615945900221
0.6160028723562662,0.9915851291269978,0.0106615945900221
0.6057625646907253,0.9915851291269978,0.0106615945900221
0.600092036015996,0.9915851291269978,0.0106615945900221
0.6041114401648483,0.9915851291269978,0.0106615945900221
0.6088479994107987,0.9915851291269978,0.0106615945900221
0.6134678124781519,0.9915851291269978,0.0106615945900221
0.619905530326521,0.9915851291269978,0.0106615945900221
0.6262932140983486,0.9915851291269978,0.0106615945900221
0.6327142539212038,0.9915851291269978,0.0106615945900221
0.6440219552196349,0.9915851291269978,0.0106615945900221
0.6511434721140745,0.9915851291269978,0.0106615945900221
0.6552462663904963,0.9915851291269978,0.0106615945900221
0.6658201345663153,0.9915851291269978,0.0106615945900221
0.67752810847708,0.9915851291269978,0.0106615945900221
0.687918518372246,0.9915851291269978,0.0106615945900221
0.6995097461044135,0.9915851291269978,0.0106615945900221
0.7167381464602826,0.9915851291269978,0.0106615945900221
0.7348838382194165,0.9915851291269978,0.0106615945900221
0.7605179634342963,0.9915851291269978,0.0106615945900221
0.7854682896031057,0.9915851291269978,0.0106615945900221
0.802629977856919,0.9915851291269978,0.0106615945900221
0.8155721256557131,0.9915851291269978,0.0106615945900221
0.8258624673977957,0.9915851291269978,0.0106615945900221
0.8358359266551139,0.9915851291269978,0.0106615945900221
0.8428073413199283,0.9915851291269978,0.0106615945900221
0.8486446502497967,0.9915851291269978,0.0106615945900221
0.8464598289074746,0.9915851291269978,0.0106615945900221
0.8363362674205312,0.9915851291269978,0.0106615945900221
0.8256956871426565,0.9915851291269978,0.0106615945900221
0.8170731479519652,0.9915851291269978,0.0106615945900221
0.8144546979462813,0.9915851291269978,0.0106615945900221
0.8109189565373324,0.9915851291269978,0.0106615945900221
0.8140544253339475,0.9915851291269978,0.0106615945900221
0.816722909416173,0.9915851291269978,0.0106615945900221
0.8205421772588584,0.9915851291269978,0.0106615945900221
0.8219598094275408,0.9915851291269978,0.0106615945900221
0.8248117517904193,0.9915851291269978,0.0106615945900221
0.8179070492276606,0.9915851291269978,0.0106615945900221
0.8027467240355164,0.9915851291269978,0.0106615945900221
0.7874029405627192,0.9915851291269978,0.0106615945900221
0.7658048975222058,0.9915851291269978,0.0106615945900221
0.742956002568149,0.9915851291269978,0.0106615945900221
0.722758913670804,0.9915851291269978,0.0106615945900221
0.7100669362547185,0.9915851291269978,0.0106615945900221
0.6952902056493943,0.9915851291269978,0.0106615945900221
0.6830318568966705,0.9915851291269978,0.0106615945900221
0.6700563530468484,0.9915851291269978,0.0106615945900221
0.6583817351871114,0.9915851291269978,0.0106615945900221
0.6494756695626834,0.9915851291269978,0.0106615945900221
0.6404695357851721,0.9915851291269978,0.0106615945900221
0.6287448838488933,0.9915851291269978,0.0106615945900221
0.6101989194774253,0.9915851291269978,0.0106615945900221
0.5898517283504552,0.9915851291269978,0.0106615945900221
0.5748081493369083,0.9915851291269978,0.0106615945900221
0.5620161037677394,0.9915851291269978,0.0106615945900221
0.5536604129852705,0.9915851291269978,0.0106615945900221
0.5485235811269862,0.9915851291269978,0.0106615945900221
0.5448377374884121,0.9915851291269978,0.0106615945900221
0.5426028820695481,0.9915851291269978,0.0106615945900221
0.5430198327073958,0.9915851291269978,0.0106615945900221
0.5459384871723302,0.9915851291269978,0.0106615945900221
0.5484902250759583,0.9915851291269978,0.0106615945900221
0.5527264435564915,0.9915851291269978,0.0106615945900221
0.5548445527967582,0.9915851291269978,0.0106615945900221
0.5544776362354521,0.9915851291269978,0.0106615945900221
0.5528431897350888,0.9915851291269978,0.0106615945900221
0.5506917244437944,0.9915851291269978,0.0106615945900221
0.5501079935508076,0.9915851291269978,0.0106615945900221
0.5527597996075194,0.9915851291269978,0.0106615945900221
0.5569793400625386,0.9915851291269978,0.0106615945900221
0.5633169897578243,0.9915851291269978,0.0106615945900221
0.5712890859534734,0.9915851291269978,0.0106615945900221
0.5784106028479129,0.9915851291269978,0.0106615945900221
0.5807622044453742,0.9915851291269978,0.0106615945900221
0.5846648624156292,0.9915851291269978,0.0106615945900221
0.5796114206849144,0.9915851291269978,0.0106615945900221
0.5684704996416226,0.9915851291269978,0.0106615945900221
0.5616158311554056,0.9915851291269978,0.0106615945900221
0.5582301919760818,0.9915851291269978,0.0106615945900221
0.5545109922864798,0.9915851291269978,0.0106615945900221
0.55412739769966,0.9915851291269978,0.0106615945900221
0.5595644340171947,0.9915851291269978,0.0106615945900221
0.563750618421186,0.9915851291269978,0.0106615945900221
0.5731737028365451,0.9915851291269978,0.0106615945900221
0.5865995133752427,0.9915851291269978,0.0106615945900221
0.5949718821832256,0.9915851291269978,0.0106615945900221
0.5933541137083763,0.9915851291269978,0.0106615945900221
0.5899351184780247,0.9915851291269978,0.0106615945900221
0.5796614547614563,0.9915851291269978,0.0106615945900221
0.5669194432688289,0.9915851291269978,0.0106615945900221
0.5571794763687056,0.9915851291269978,0.0106615945900221
0.5499578913211824,0.9915851291269978,0.0106615945900221
0.5452713661517737,0.9915851291269978,0.0106615945900221
0.542636238120576,0.9915851291269978,0.0106615945900221
0.5414687763346023,0.9915851291269978,0.0106615945900221
0.5406515530844207,0.9915851291269978,0.0106615945900221
0.5414020642325466,0.9915851291269978,0.0106615945900221
0.5431365788859932,0.9915851291269978,0.0106615945900221
0.5447877034118703,0.9915851291269978,0.0106615945900221
0.5457383508661633,0.9915851291269978,0.0106615945900221
0.5460719113764414,0.9915851291269978,0.0106615945900221
0.5452546881262598,0.9915851291269978,0.0106615945900221
0.5429197645543125,0.9915851291269978,0.0106615945900221
0.5416689126407692,0.9915851291269978,0.0106615945900221
0.5392005648647105,0.9915851291269978,0.0106615945900221
0.5372492358795831,0.9915851291269978,0.0106615945900221
0.5356314674047338,0.9915851291269978,0.0106615945900221
0.5345807517973574,0.9915851291269978,0.0106615945900221
0.5332131537052167,0.9915851291269978,0.0106615945900221
0.5326627788632577,0.9915851291269978,0.0106615945900221
0.5329296272714804,0.9915851291269978,0.0106615945900221
0.5332298317307308,0.9915851291269978,0.0106615945900221
0.5343806154911904,0.9915851291269978,0.0106615945900221
0.5358649597619285,0.9915851291269978,0.0106615945900221
0.5358649597619285,0.9915851291269978,0.0106615945900221
0.5363819785528597,0.9915851291269978,0.0106615945900221
0.5364987247314571,0.9915851291269978,0.0106615945900221
0.5346474638994131,0.9915851291269978,0.0106615945900221
0.5294105638880454,0.9915851291269978,0.0106615945900221
0.5163349918851399,0.9915851291269978,0.0106615945900221
0.492035108711373,0.9915851291269978,0.0106615945900221
0.4706038459259986,0.9915851291269978,0.0106615945900221
0.4597964853929849,0.9915851291269978,0.0106615945900221
0.4487723105282904,0.9915851291269978,0.0106615945900221
0.4512073022533213,0.9915851291269978,0.0106615945900221
0.459613027112332,0.9915851291269978,0.0106615945900221
0.4807774414894837,0.9915851291269978,0.0106615945900221
0.5121488074811484,0.9915851291269978,0.0106615945900221
0.5323625744040075,0.9915851291269978,0.0106615945900221
0.5412686400284353,0.9915851291269978,0.0106615945900221
0.5439371241106609,0.9915851291269978,0.0106615945900221
0.5459218091468162,0.9915851291269978,0.0106615945900221
0.5461052674274692,0.9915851291269978,0.0106615945900221
0.5463054037336362,0.9915851291269978,0.0106615945900221
0.5467890664735395,0.9915851291269978,0.0106615945900221
0.548556937178014,0.9915851291269978,0.0106615945900221
0.5517757961021986,0.9915851291269978,0.0106615945900221
0.5556284199959118,0.9915851291269978,0.0106615945900221
0.5590807712772912,0.9915851291269978,0.0106615945900221
0.5624997665076428,0.9915851291269978,0.0106615945900221
0.5634003798853939,0.9915851291269978,0.0106615945900221
0.5627666149158654,0.9915851291269978,0.0106615945900221
0.5606318276500849,0.9915851291269978,0.0106615945900221
0.5593309416599999,0.9915851291269978,0.0106615945900221
0.5573629346493585,0.9915851291269978,0.0106615945900221
0.5558785903786205,0.9915851291269978,0.0106615945900221
0.5551947913325502,0.9915851291269978,0.0106615945900221
0.5552114693580641,0.9915851291269978,0.0106615945900221
0.5569459840115107,0.9915851291269978,0.0106615945900221
0.559130805353833,0.9915851291269978,0.0106615945900221
0.5625331225586706,0.9915851291269978,0.0106615945900221
0.5639674327528669,0.9915851291269978,0.0106615945900221
0.5640841789314641,0.9915851291269978,0.0106615945900221
0.5636505502681026,0.9915851291269978,0.0106615945900221
0.5630167852985739,0.9915851291269978,0.0106615945900221
0.5629500731965184,0.9915851291269978,0.0106615945900221
0.5649514362581874,0.9915851291269978,0.0106615945900221
0.5675865642893853,0.9915851291269978,0.0106615945900221
0.5699548439123605,0.9915851291269978,0.0106615945900221
0.5708221012390838,0.9915851291269978,0.0106615945900221
0.5719728849995437,0.9915851291269978,0.0106615945900221
0.572273089458794,0.9915851291269978,0.0106615945900221
0.5718561388209462,0.9915851291269978,0.0106615945900221
0.5723398015608497,0.9915851291269978,0.0106615945900221
0.5731903808620592,0.9915851291269978,0.0106615945900221
0.573940892010185,0.9915851291269978,0.0106615945900221
0.573940892010185,0.9915851291269978,0.0106615945900221
0.5735239413723373,0.9915851291269978,0.0106615945900221
0.5736406875509347,0.9915851291269978,0.0106615945900221
0.5732404149386009,0.9915851291269978,0.0106615945900221
0.5744078767245745,0.9915851291269978,0.0106615945900221
0.5750416416941031,0.9915851291269978,0.0106615945900221
0.5758755429697986,0.9915851291269978,0.0106615945900221
0.5769762926537166,0.9915851291269978,0.0106615945900221
0.578760841383705,0.9915851291269978,0.0106615945900221
0.5810290528535969,0.9915851291269978,0.0106615945900221
0.5825300751498487,0.9915851291269978,0.0106615945900221
0.5850484570024491,0.9915851291269978,0.0106615945900221
0.5850818130534768,0.9915851291269978,0.0106615945900221
0.5848983547728239,0.9915851291269978,0.0106615945900221
0.5837642490378779,0.9915851291269978,0.0106615945900221
0.5825634312008765,0.9915851291269978,0.0106615945900221
0.5803786098585543,0.9915851291269978,0.0106615945900221
0.578393924822399,0.9915851291269978,0.0106615945900221
0.5769929706792305,0.9915851291269978,0.0106615945900221
0.5754085582554092,0.9915851291269978,0.0106615945900221
0.5742911305459771,0.9915851291269978,0.0106615945900221
0.5727567521986975,0.9915851291269978,0.0106615945900221
0.5713724760810429,0.9915851291269978,0.0106615945900221
0.5687707041008729,0.9915851291269978,0.0106615945900221
0.5667526630136899,0.9915851291269978,0.0106615945900221
0.5642843152376311,0.9915851291269978,0.0106615945900221
0.5620161037677394,0.9915851291269978,0.0106615945900221
0.5614323728747525,0.9915851291269978,0.0106615945900221
0.560431691343918,0.9915851291269978,0.0106615945900221
0.5588639569456104,0.9915851291269978,0.0106615945900221
0.5576631391086089,0.9915851291269978,0.0106615945900221
0.5571294422921638,0.9915851291269978,0.0106615945900221
0.5586804986649574,0.9915851291269978,0.0106615945900221
0.5616825432574611,0.9915851291269978,0.0106615945900221
0.5644677735182841,0.9915851291269978,0.0106615945900221
0.5674197840342462,0.9915851291269978,0.0106615945900221
0.5685872458202199,0.9915851291269978,0.0106615945900221
0.5680535490037749,0.9915851291269978,0.0106615945900221
0.5674364620597601,0.9915851291269978,0.0106615945900221
0.5667693410392037,0.9915851291269978,0.0106615945900221
0.5654684550491188,0.9915851291269978,0.0106615945900221
0.5655518451766882,0.9915851291269978,0.0106615945900221
0.5651515725643544,0.9915851291269978,0.0106615945900221
0.5638673645997834,0.9915851291269978,0.0106615945900221
0.5636171942170747,0.9915851291269978,0.0106615945900221
0.5641842470845476,0.9915851291269978,0.0106615945900221
0.5638506865742695,0.9915851291269978,0.0106615945900221
0.5642843152376311,0.9915851291269978,0.0106615945900221
0.5660521859421056,0.9915851291269978,0.0106615945900221
0.5657519814828552,0.9915851291269978,0.0106615945900221
0.5658854056869665,0.9915851291269978,0.0106615945900221
0.5657019474063135,0.9915851291269978,0.0106615945900221
0.5656685913552857,0.9915851291269978,0.0106615945900221
0.5651015384878126,0.9915851291269978,0.0106615945900221
0.5667193069626619,0.9915851291269978,0.0106615945900221
0.5676866324424688,0.9915851291269978,0.0106615945900221
0.5674364620597601,0.9915851291269978,0.0106615945900221
0.5690709085601233,0.9915851291269978,0.0106615945900221
0.5708554572901118,0.9915851291269978,0.0106615945900221
0.5725399378670166,0.9915851291269978,0.0106615945900221
0.5741076722653242,0.9915851291269978,0.0106615945900221
0.5768595464751193,0.9915851291269978,0.0106615945900221
0.5795780646338866,0.9915851291269978,0.0106615945900221
0.5801617955268735,0.9915851291269978,0.0106615945900221
0.5784272808734269,0.9915851291269978,0.0106615945900221
0.5753084901023257,0.9915851291269978,0.0106615945900221
0.5731403467855174,0.9915851291269978,0.0106615945900221
0.5723731576118775,0.9915851291269978,0.0106615945900221
0.5746580471072831,0.9915851291269978,0.0106615945900221
0.5772097850109115,0.9915851291269978,0.0106615945900221
0.5793445722766919,0.9915851291269978,0.0106615945900221
0.5812959012618194,0.9915851291269978,0.0106615945900221
0.5815794276955559,0.9915851291269978,0.0106615945900221
0.5807121703688325,0.9915851291269978,0.0106615945900221
0.5795447085828588,0.9915851291269978,0.0106615945900221
0.5781103983886625,0.9915851291269978,0.0106615945900221
0.57784354998044,0.9915851291269978,0.0106615945900221
0.5773765652660505,0.9915851291269978,0.0106615945900221
0.5777768378783844,0.9915851291269978,0.0106615945900221
0.5784773149499686,0.9915851291269978,0.0106615945900221
0.5806454582667768,0.9915851291269978,0.0106615945900221
0.584147843624698,0.9915851291269978,0.0106615945900221
0.5866662254772984,0.9915851291269978,0.0106615945900221
0.5898016942739134,0.9915851291269978,0.0106615945900221
0.5903187130648446,0.9915851291269978,0.0106615945900221
0.5893847436360657,0.9915851291269978,0.0106615945900221
0.5872999904468269,0.9915851291269978,0.0106615945900221
0.585982426431228,0.9915851291269978,0.0106615945900221
0.5855487977678665,0.9915851291269978,0.0106615945900221
0.5856488659209499,0.9915851291269978,0.0106615945900221
0.5888844028706484,0.9915851291269978,0.0106615945900221
0.5929204850450147,0.9915851291269978,0.0106615945900221
0.597306805755173,0.9915851291269978,0.0106615945900221
0.6024102815624294,0.9915851291269978,0.0106615945900221
0.6078639959054779,0.9915851291269978,0.0106615945900221
0.6114164153399408,0.9915851291269978,0.0106615945900221
0.6138347290394578,0.9915851291269978,0.0106615945900221
0.6142350016517917,0.9915851291269978,0.0106615945900221
0.6127006233045119,0.9915851291269978,0.0106615945900221
0.6125338430493728,0.9915851291269978,0.0106615945900221
0.6144017819069307,0.9915851291269978,0.0106615945900221
0.6170869440146702,0.9915851291269978,0.0106615945900221
0.6206893975256749,0.9915851291269978,0.0106615945900221
0.6248755819296662,0.9915851291269978,0.0106615945900221
0.6264933504045155,0.9915851291269978,0.0106615945900221
0.6240583586794847,0.9915851291269978,0.0106615945900221
0.6195219357397012,0.9915851291269978,0.0106615945900221
0.6162530427389746,0.9915851291269978,0.0106615945900221
0.61119960100826,0.9915851291269978,0.0106615945900221
0.6093149841251881,0.9915851291269978,0.0106615945900221
0.609164881895563,0.9915851291269978,0.0106615945900221
0.6130175057892762,0.9915851291269978,0.0106615945900221
0.618421186055783,0.9915851291269978,0.0106615945900221
0.6273939637822666,0.9915851291269978,0.0106615945900221
0.6361999612536111,0.9915851291269978,0.0106615945900221
0.6398858048921852,0.9915851291269978,0.0106615945900221
0.644188735474774,0.9915851291269978,0.0106615945900221
0.6451060268780391,0.9915851291269978,0.0106615945900221
0.6459732842047624,0.9915851291269978,0.0106615945900221
0.6455229775158868,0.9915851291269978,0.0106615945900221
0.6470239998121388,0.9915851291269978,0.0106615945900221
0.6497925520474478,0.9915851291269978,0.0106615945900221
0.6535117517370497,0.9880418557065266,0.0106615945900221
0.6565805084316092,0.9755666926221218,0.0106615945900221
0.6585818714932783,0.9683451075745988,0.0106615945900221
0.6593824167179461,0.9653263849565812,0.0106615945900221
0.656780644737776,0.9694958913350584,0.0106615945900221
0.6509600138334215,0.9703965047128096,0.0106615945900221
0.6429212055357169,0.9724812579020484,0.0106615945900221
0.6358997567943607,0.9828216337206728,0.0106615945900221
0.6315134360842024,0.9890258592118472,0.0106615945900221
0.6292118685632828,0.9954969331112442,0.0106615945900221
0.6275941000884335,0.982388005057311,0.0106615945900221
0.6273939637822666,0.9819543763939492,0.0106615945900221
0.6283612892620735,0.9991160646477628,0.0106615945900221
0.6287115277978654,0.9994496251580408,0.0106615945900221
0.6306795348085069,0.9985656898058036,0.0106615945900221
0.6316968943648553,0.994813134065174,0.0106615945900221
0.6311465195228964,0.9924948885187403,0.0106615945900221
0.6300290918134643,0.987207954430831,0.0106615945900221
0.6305627886299096,0.9819543763939492,0.0106615945900221
0.6297955994562697,0.9812372212968512,0.0283736576857945
0.6279610166497396,0.9800864375363916,0.0483872883024865
0.629361970792908,0.9706633531210322,0.0733876485478376
0.6280610848028231,0.9639254308134128,0.0990884858647729
0.6263098921238625,0.9572375425823348,0.1210701234921063
0.6252758545420001,0.9508665368360212,0.1360970244801393
0.6241751048580819,0.944428818987652,0.1523247433051737
0.6184045080302691,0.9378409989096572,0.1807274207553624
0.6121669264880668,0.9256827183100168,0.212499059359361
0.6044783567261542,0.910305578786192,0.2476563371426833
0.5927203487388477,0.8985976048754272,0.2741243636332584
0.5832639082724608,0.8853052185408409,0.294404842658173
0.5777268038018426,0.8638405997044387,0.3175872981225079
0.5706553209839448,0.8420424203577582,0.3396856819284387
0.5667193069626619,0.8252976827417926,0.3531448485181641
0.5681035830803165,0.8135229967289722,0.360583247897368
0.5669527993198568,0.8114882776162753,0.3658034698832218
0.5677867005955523,0.8245471715936666,0.3597827026727003
0.5726400060201001,0.8406081101635621,0.3499593456450073
0.5769429366026888,0.8515155388496591,0.3473408956393234
0.5798449130421092,0.8642742283678003,0.3409532118674959
0.5826468213284461,0.876932849732858,0.3315968395541923
0.5854654076402969,0.8805853373204044,0.3278943178901043
0.5839310292930172,0.8870730892453154,0.3221403990878054
0.5848983547728239,0.8900250997612774,0.3131009092592662
0.5849984229259074,0.8840877226783254,0.3168034309233542
0.5802785417054709,0.8778334631106092,0.3259763449560047
0.5763425276841881,0.8733637522728812,0.3265600758489915
0.5734905853213094,0.8579866127490563,0.3416370109135662
0.5695712493255406,0.8368722324484461,0.3589321233714909
0.5650014703347292,0.8187598967403399,0.3745594332780245
0.5608152859307378,0.8043667607218355,0.3915710193022127
0.5588639569456104,0.7903071852136094,0.4115179378168491
0.5597478922978476,0.7958109336331998,0.418205826047927
0.5639340767018389,0.8181094537452974,0.4088994878111652
0.5689208063304981,0.836538671938168,0.4083157569181784
0.5697046735296519,0.856735760835513,0.4015444785595309
0.5677033104679827,0.8770162398604275,0.3971081237728309
0.5667526630136899,0.8913426637768763,0.39207136006763
0.5667693410392037,0.8911592054962234,0.3937558406445349
0.5644344174672563,0.8940778599611574,0.3863174412653311
0.5632169216047409,0.8924600914863082,0.3837990594127307
0.5631502095026852,0.8870230551687736,0.3829151240604935
0.5622162400739064,0.8883406191843725,0.3774113756409031
0.5652016066408961,0.9030172816366132,0.3624011526783841
0.5719895630250575,0.9235979651207782,0.3429712529546789
0.5761090353269933,0.9448624476510136,0.3289617115229946
0.5794446404297754,0.9624744425937024,0.318120994938953
0.5838142831144197,0.9780350403981806,0.307380346507995
0.5820297343844314,0.98255478531245,0.3089647589318164
0.5803952878840681,0.9828549897717004,0.3145685755044903
0.5801451175013596,0.9789356537759316,0.3176373321990496
0.5791944700470667,0.9721143413407424,0.3204892745619283
0.5781937885162322,0.9620408139303408,0.3226240618277087
0.5772097850109115,0.9543522441684282,0.3204058844343587
0.5762091034800768,0.9443621068855964,0.3206727328425813
0.5720562751271132,0.9255492941059058,0.328878321395425
0.5659687958145361,0.8976302793956203,0.3425042682402895
0.5568792719094552,0.8625563917398676,0.3588320552184074
0.5478898161574576,0.8267820270125307,0.3735921077982178
0.540401382701712,0.7860709667330763,0.3922381403227691
0.5345807517973574,0.7461604516782896,0.4071149390811769
0.5285766626123498,0.7106362573336613,0.4181224359203575
0.5223224030446335,0.6883210591960498,0.4203906473902492
0.5199708014471722,0.6800487585411504,0.4162044629862578
0.5180861845641005,0.6799486903880669,0.4127521117048785
0.5184030670488647,0.682183545806931,0.4093831505510686
0.5195538508093246,0.6745783661725879,0.4109175288983483
0.5186699154570873,0.6657723687012433,0.4098334572399442
0.5173023173649466,0.6534973419230057,0.4115679718933908
0.5175524877476553,0.638420406858431,0.4118848543781551
0.5183697109978368,0.6193741017215458,0.4128688578834758
0.5172522832884049,0.5973591080431846,0.4151037133023397
0.5173690294670024,0.5735262095838073,0.415053679225798
0.5174690976200857,0.5496432770478881,0.4150870352768258
0.517986116411017,0.534066001217896,0.414686762664492
0.5211215852076321,0.5170877712447357,0.417471992925315
0.5263418071934859,0.5031616199406208,0.4209076661811804
0.5292271056073923,0.4912535097236891,0.422658858860141
0.5310450103884086,0.4824808683033724,0.425627547401617
0.534664141924927,0.4805128612927311,0.4245601537687267
0.5361151301446371,0.4755928437661276,0.4235261161868643
0.5379330349256534,0.4732412421686663,0.4243933735135876
0.5398009737832112,0.4697055007597174,0.4250771725596579
0.5376661865174308,0.4716901857958727,0.4220918059926681
0.5367655731396797,0.4737582609595975,0.4205574276453884
0.5385167658186403,0.4745087721077234,0.4238763547226564
0.5380164250532229,0.475893048225378,0.4262946684221734
0.5345974298228714,0.4749257227455712,0.4293133910401911
0.5316954533834509,0.4766769154245317,0.4350839878680039
0.5275259470049735,0.4766769154245317,0.4360846693988385
0.5249575310758313,0.4791119071495626,0.4361680595264081
0.5253077696116235,0.4792453313536738,0.441921978328707
0.5239234934939689,0.4827810727626228,0.4453409735590586
0.5220555546364111,0.4862834581205439,0.4455411098652255
0.519637240936894,0.4903862523969657,0.443039406038139
0.5186032033550316,0.4918872746932176,0.4442235458496266
0.5165684842423346,0.4947558950816101,0.4405710582620804
0.5138332880580534,0.4964403756585151,0.4350172757659483
0.5123322657618015,0.4950560995408606,0.4299471560097196
0.5155177686349582,0.4927878880709688,0.4285128458155234
0.5194037485796994,0.4945390807499294,0.4245434757432128
0.520938126926979,0.495339625974597,0.4179056215886766
0.5228894559121064,0.4988420113325181,0.413385876674407
0.5217720282026745,0.5008600524197012,0.4077653820762194
0.5231229482693013,0.5028614154813704,0.4052136441725911
0.5244738683359279,0.5019274460525915,0.4023617018097125
